# Created by Octave 5.1.0, Fri May 08 12:50:25 2020 HST <nammoto@ds-gpu>
# name: trackResults
# type: matrix
# rows: 226
# columns: 6
 1 1 757 43 808 79
 2 1 754 44 803 79
 3 1 746 44 799 80
 4 1 739 47 789 82
 5 1 733 46 784 82
 6 1 724 49 778 85
 7 1 718 50 772 85
 8 1 711 48 765 85
 9 1 704 50 757 85
 10 1 695 52 754 88
 11 1 688 54 743 89
 12 1 680 55 737 92
 13 1 672 56 730 91
 14 1 662 56 719 94
 15 1 655 57 710 98
 16 1 645 58 702 99
 17 1 635 59 696 98
 18 1 626 60 690 99
 19 1 618 60 677 102
 20 1 610 63 669 105
 21 1 598 64 662 105
 22 1 592 64 652 110
 23 1 578 67 642 111
 24 1 569 66 633 112
 25 1 560 67 622 114
 26 1 550 68 613 115
 27 1 537 68 602 115
 28 1 527 71 592 117
 29 1 513 75 580 120
 30 1 502 76 567 124
 31 1 486 77 559 126
 32 1 474 75 543 129
 33 1 457 77 534 131
 34 1 446 79 524 134
 35 1 432 83 509 135
 36 1 418 85 499 139
 37 1 403 86 485 139
 38 1 390 85 470 141
 39 1 375 89 455 143
 40 1 358 90 444 150
 41 1 339 95 429 151
 42 1 326 97 409 154
 43 1 313 100 399 156
 44 1 293 100 384 160
 45 1 271 104 370 166
 46 1 258 108 351 166
 47 1 237 110 332 171
 48 1 217 112 316 176
 49 1 201 113 300 177
 50 1 178 117 276 185
 51 1 157 121 262 191
 52 1 141 126 245 195
 53 1 116 128 219 194
 54 1 97 132 197 200
 55 1 79 134 180 205
 56 1 40 138 163 214
 57 1 21 143 154 220
 58 1 6 151 123 219
 59 1 3 147 103 227
 60 1 3 150 80 221
 2 2 380 325 613 461
 3 2 410 282 628 418
 4 2 441 295 658 432
 5 2 470 286 682 418
 6 2 496 274 703 406
 7 2 523 271 717 391
 8 2 555 268 729 376
 9 2 575 258 749 372
 10 2 598 252 764 354
 11 2 621 250 778 352
 12 2 641 239 789 341
 13 2 666 235 806 325
 14 2 676 237 818 317
 15 2 696 224 834 316
 16 2 717 216 850 299
 17 2 731 209 858 292
 18 2 743 207 868 293
 19 2 758 203 883 281
 20 2 775 195 889 273
 21 2 791 189 900 266
 22 2 804 188 912 264
 23 2 816 184 916 253
 24 2 826 179 921 249
 25 2 842 173 933 248
 26 2 845 170 947 238
 27 2 854 169 953 235
 28 2 863 168 956 232
 29 2 872 164 955 225
 30 2 883 162 960 219
 31 2 895 160 960 215
 32 2 903 157 960 209
 33 2 909 155 960 206
 34 2 921 148 960 204
 11 3 275 259 479 390
 12 3 308 264 499 378
 13 3 340 249 526 367
 14 3 365 242 550 356
 15 3 404 230 570 347
 16 3 427 225 588 332
 17 3 457 224 609 326
 18 3 480 215 631 312
 19 3 503 211 643 300
 20 3 526 203 664 293
 21 3 548 199 683 287
 22 3 568 192 704 279
 23 3 588 184 716 270
 24 3 604 186 733 269
 25 3 621 182 751 262
 26 3 640 176 760 253
 27 3 657 172 771 245
 28 3 674 163 790 246
 29 3 689 155 803 238
 30 3 708 152 819 231
 31 3 723 154 824 225
 32 3 728 151 835 220
 33 3 739 148 848 215
 34 3 753 143 859 210
 35 3 775 141 870 206
 36 3 780 133 874 200
 37 3 798 129 889 196
 38 3 802 130 897 192
 39 3 813 129 904 188
 40 3 825 128 912 184
 41 3 838 125 923 179
 42 3 845 122 927 177
 43 3 852 115 936 175
 44 3 864 114 944 172
 45 3 872 114 949 168
 11 4 532 110 617 161
 12 4 519 114 606 163
 13 4 503 115 593 165
 14 4 486 119 583 172
 15 4 471 121 564 174
 16 4 458 126 549 176
 17 4 442 127 539 180
 18 4 425 128 524 184
 19 4 405 133 510 191
 20 4 386 138 497 195
 21 4 372 141 473 195
 22 4 351 145 458 200
 23 4 336 148 444 207
 24 4 308 149 429 214
 25 4 288 151 406 210
 26 4 270 155 388 218
 27 4 249 161 370 223
 28 4 223 167 345 232
 29 4 204 168 326 242
 30 4 175 174 306 247
 31 4 155 174 283 246
 32 4 125 181 258 254
 33 4 99 185 236 263
 34 4 76 191 212 269
 35 4 42 193 185 271
 36 4 22 200 154 276
 37 4 1 207 138 285
 38 4 2 211 119 291
 14 5 618 344 828 500
 15 5 642 330 849 479
 16 5 670 315 871 465
 17 5 695 310 891 443
 18 5 724 291 907 426
 19 5 742 286 923 417
 20 5 770 269 940 398
 21 5 795 239 946 389
 22 5 818 246 957 370
 23 5 825 249 956 360
 24 5 845 252 959 350
 25 5 853 192 955 345
 21 6 916 46 957 75
 22 6 909 45 956 77
 23 6 902 46 950 78
 24 6 897 47 949 80
 25 6 894 48 944 79
 26 6 889 49 940 80
 27 6 886 50 934 82
 28 6 878 49 929 84
 29 6 874 50 925 84
 30 6 870 51 921 85
 31 6 862 53 915 87
 32 6 855 54 910 88
 33 6 849 55 903 91
 34 6 845 57 902 93
 35 6 838 60 894 93
 36 6 830 60 887 93
 37 6 827 60 880 94
 38 6 820 61 875 96
 39 6 815 61 872 96
 40 6 807.66666666666663 62 865.33333333333337 98.333333333333329
 41 6 800.33333333333337 63 858.66666666666663 100.66666666666667
 42 6 793 64 852 103
 43 6 784 67 847 104
 44 6 778 68 835 106
 45 6 769 70 832 110
 46 6 762 71 823 111
 47 6 751 73 815 113
 48 6 747 76 811 111
 49 6 738 78 801 113
 50 6 727 79 792 116
 51 6 721 79 790 118
 52 6 713 80 779 120
 53 6 703 81 771 122
 54 6 696 84 760 123
 55 6 686 87 754 125
 56 6 679 87 748 127
 57 6 668 91 738 131
 58 6 657 91 724 131
 59 6 643 92 717 135
 60 6 634 94 707 136
 43 7 194 335 409 495
 44 7 235 323 435 485
 45 7 269 309 468 468
 46 7 307 318 508 468
 47 7 339 310 533 454
 48 7 372 300 554 443
 49 7 401 284 581 430
 50 7 435 281 604 418
 51 7 461 272 628 400
 52 7 486 265 651 390
 53 7 516 256 667 379
 54 7 535 253 688 369
 55 7 557 242 706 354
 56 7 578 240 721 348
 57 7 597 232 737 337
 58 7 622 227 757 331
 59 7 637 223 768 322
 60 7 657 215 781 312


